6159	6161	6170	6191	6217	6228	7311	6176	6191	6217	6229	6230
5694	5700	5702	5705	5707	5709	5710	5713	5714	5717	5718	10213	23198	11047
27097	6881	6314	6883	6875	27097
5701	5711	5719
4089	6497	8563
10199	79954	65083	9136	10199	2091	26574	27340	26574
5295	3667	5293
8881	51592	51592
1738	1737	1743	5162	8050	5162
3587	3586	3588
3593	51561
80279	65992
8881	51433
7965	51520	4677	7965
5690	5692	5719	7316
387	6093
23411	2308	9575
1977	1979
10006	3071
836	142
7156	5000
7965	9255
8717	8772	843	329	7323
6015	10138
6143	6144	6155	6156	6161	6176	6181	6191	6217	6227	6228	6229	6230	11224	10399
7251	10015
5687	5689	5718	9861
5685	5690	5692	5719
7203	908	10575	908	10575
10092	10094	10095	10094	10096	10097	10109	10096	10097
4839	10199
5431	5435	661	9533	221830	25885	25885	5435	55718	5438	5439	55718	5439
6128	6143	6144	6155	6156	6170	6217	6228	6230
56949	9416	9716	1665	1655	23451	9092	9128	9416	10421	55660	9128	9416	51362	9879
5034	7184	5611
28998	29074	29088	10884
3688	3675	7094
5692	5711
5162	5160	8050	4967	5160	5162	5160
675	4361	2547	7520	3981	3981	4436	545
64318	23223
9804	56993	9868	54543	54543
7135	7136
908	22948	908	10575	10575
5695	5700	5702	5705	5706	5707	5709	5710	5713	5714	10213	23198	11047
10621	51082	9533	64425	10849	10621	55703	55718	55703	55703	55703
8563	9984	4089
10525	7184
7168	70	7139	88
51069	63875	11222	29074	10884	79590	29074	10884	10884	90480	29074	51069	54948
6232	9349	2197	10399	6233	6235	9349	2197
23404	5394
5295	5290	5293
63875	29074	51069	79590	29074	10884	54948	10884	90480	29074	51069	54948	10884
11224	9349	23521	3921
23325	253725
85476	54948
65123	57117	55726	55756	5521
7316	57559	7128	7323	8517	7189	1147	8737	3551	1147	4792	4790	4792	4792	9146	10075	23586	4287
11157	51690
2033	7994	8202
23047	10274
9533	10621	51082	10621	55703	55718	55703	55703	55718	55703	10849
6227	6228	6229	6231	6232	6233	6235	9349	1915	2197	6229	6231	7311	9349	10399
7428	2034
1482	6910
6144	6155	6156	6159	6161	6176	6181	6191	6217	6227	6229	6230	11224	10399
7203	22948	908	10575	10575
79760	54960
11224	9349	3921	4736
9377	1327	1340	1345
23451	8233	9092	59286	55660
22872	10427	10484	10484
10884	29074	51069	51069	63875	11222	29074	10884	79590	29074	10884	54948	54948
5711	5714	5719
6155	6156	6161	6167	6176	6181	6191	6217	6227	6228	6230	6235	11224
80306	9282	9412	9969	5431
9646	23168	6829	9646	1025	5435	2962	2961	6917	51728	661	64425	9646
27097	6879
51082	10621	55703	55718	9533	64425	10849	10621	55703	55718	55703
5696	5698	5699	5719	5699
56915	10767
3123	3127
8563	10482	4089
6143	6144	6155	6156	6161	6176	6181	6191	6217	6227	6228	6229	6230	6235	10399
23404	51013	5394
10943	84148
26173	57117	5500	5515	55726
83460	51016
6128	6134	6143	6144	6155	6156	6159	6161	6176	6181	6191	6217	6227	6228	6229	11224
9439	9862	1024	23091	29079
6203	6205	6207	7311
506	515	521	522	539	513	515	539
1398	5295	3667
5694	5714
6161	6159	6176	6191	6217	6228	6229	6230	6170	6217	6228	7311
11222	122704	51073	64981	65080	79590	51073	122704	64981	79590	79590	122704
11340	23404	5394
701	64682	79003	79980	8881	890	1062	5347
6595	6598	6599	6603
1737	1738	8050	1743	5162	1743
6598	6599	6603	6605
9533	661	5435	5431	5438	5439	5438	5439	55718	55718	221830	25885	5435
9794	4853
1737	1738	1629	8050	1743	4967	5160	5162	1743	4967	5160	5162
80218	8260
9349	23521	25873	4736
6143	6144	6156	6161	6176	6181	6191	6217	6227	6228	6229	6230	6235	11224	10399
65080	10884
6159	6161	6170	6191	6217	6228	7311	6176	6191	6217	6228	6229
23244	5885	10274	25836	10735	10735
3554	7189
5966	4790	5971	4792	4792
11340	51013	5394
1973	1974	1977	27250
6093	9138
5901	7514	11260	3837	9972	23279	81929	55746	55746	1104
6207	6218	6222	6223	6224	6227	6228	6229	6231	6232	6233	6235	9349	1915	2197
65005	11222	122704	51073	64981	65080	79590	51073	122704	64981	79590	79590
5687	5689	5718	10197
57506	64135
1738	1629	1737	1743	4967	5160	5162	5165	8050	4967	5160	5162
6156	6167	6176	6191	6217	6227	6228	6229	6230	6235	11224
2547	7520	3981	3981	4436	580	675	545
5531	57223
6143	6144	6155	6156	6161	6176	6181	6191	6217	6228	6229	6230	6235	11224	10399
832	829
55718	9533	64425	10849	10621	51082	10621	55703	55718	55703	55703
79139	7415	11124	7353	51035	55666
6198	6194
51616	27097
81929	23279	9972	3837	5901	7514	9972	11260	1104	55746
6231	6232	6233	6235	9349	1915	2197
6207	6218	6222	6223	6224	6227	6228	6229	6232	6233	6235	9349	1915	2197	10399
2533	3937
26173	5431	5500	5515	55726
7341	6047
8890	8891	8892	8893	8892	8893
79228	9984
10288	3805	10859	3105	3134
9255	3376	51520	4141	5917	9255	3376	4141
4087	4088
3122	3127
9282	9439	9862	1024	23091
10274	23244	10274	10735	25836	10735
498	9551	513	522	506	509	513	515	521	522
6134	6138	6208	51121
79590	29074	51069	63875	11222	29074	10884	54948	10884	90480	29074	51069	54948
653784	80097
1499	4040	4851	51176
3107	3802
59286	23451	8233	84991	55660
5687	5692	5719	7316
6138	6169	6208	51121
6143	6155	6156	6161	6176	6181	6191	6217	6227	6228	6229	6230	6235	11224	10399
51154	10412	4839	57062	8886	51388	51187
3419	3418
2547	7520
3065	7528	10933	3066	53615
65005	11222	122704	51073	65080	79590	51073	122704	64981	79590	79590	122704
9616	54165	55208
5686	5687	5694	5695	5714	10197	10213	5694	5695	5714	10213	51371
1738	1629	1737	1743	4967	5160	5162	5165	8050	1743	4967	5160
6143	6144	6155	6156	6176	6181	6191	6217	6227	6228	6229	6230	6235	11224	10399
5687	5686	5694	5695	5714	10197	10213	51371	5694	5695	5714	10213
4697	1350
51069	10884	90480	51069	63875	11222	29074	10884	79590	29074	10884	54948	54948
1738	8050	1743	5162	1743	5162
22948	7203	908	10575	908
9533	221830
22948	7203	908	10575	10575
7415	11124	7353	79139	6400	51035
6881	6314	6883	6875	51616	27097
23091	29079	5431
7965	3735
6194	1977
79228	8563
5688	5693	5694	5700	5702	5705	5706	5707	5708	5709	5710	5713	5714	5717	5718	10213	11047
6389	6390	7385	8802	8802
6727	6731
56902	6228
28227	5520	5529
7321	10273
5430	2959	6827	6917	2959	5431	9325	9439	9862	29079
996	10393
498	9551	513	522	506	509	513	515	522	539
5687	5686	5694	5695	5714	10197	10213	51371	5695	5714	10197	10213
9282	9439	9862	1024	29079
4088	4089
51520	4677	5917	7965
5162	8050	4967	5160	5162	5160	5165
221830	10621	5441
5687	5692	10197
5917	9255	2058
2034	3091
5686	5687	5694	5695	5714	10197	10213	5694	5714	10197	10213	51371
112869	55578	10629
3455	6773
6143	6144	6155	6156	6161	6176	6181	6191	6217	6227	6228	6229	6230	6235	11224
9439	9862	29079	5430	2959	6827	6917	2959	5431	5431
1479	10914	10914
25879	27340	27340
11222	65005	64981	65080	79590	51073	122704	64981	79590	79590	122704	51073
11222	28998	29074	29088
10240	64963	63931	10240	51023	51023
515	539	522	539
5688	5693	5694	5695	5700	5702	5705	5706	5707	5708	5709	5710	5713	5714	5718	10213	11047
8890	8893	8893
5693	5694	5695	5700	5705	5706	5707	5708	5709	5710	5713	5714	5717	5718	10213	11047
509	506	515	521	522	539	515	539
6850	7409	7535
5698	5699	5719	5699	5719
4698	4725
6850	5335	7535
2783	2773
6390	6389	8802	8803	8802
5687	5692	5704
8717	8737	8837	330
25847	10393
9533	64425	10849	10621	51082	10621	55703	55718	55703	55718	55703
267	10956
11124	7353	79139	6400	51035	55666
7316	57559	7128	7323	7874	8517	7189	1147	8737	3551	1147	4792	4790	4792	4792	10075	23586	4287
8233	84991	9092	59286	55660
6217	6227	6229	6230	6235	11224	10399
3735	5917	9521	2058	51520	9521	2058
80306	9282	9969	23091	5431
56949	9416	9716	1665	1655	23451	10291	9092	9128	9416	10421	55660	9128	9416	9879
916	919	5335
9412	9969	23091	9444	9969	23091
5788	919
2521	3183
2101	5465
5781	2549
79954	10199	2091	26574	9136	10199	2091	26574	27340
9092	9416	10291	56949	9416	9716	1665	1655	23451	9128	9416	51362	9879	10421	55660
11224	9349	25873	3921	4736	51121
1915	10399
9377	1329	1345
6134	6143	6144	6155	6156	6159	6176	6181	6191	6217	6227	6228	6229	6230	6235	11224	10399
56949	9716	1665	1655	23451	10291	9092	9128	9416	10421	55660	9128	9416	9879	51362
6612	7341
3183	3185	3190	5094	10949
6128	6134	6143	6144	6155	6156	6159	6161	6181	6191	6217	6227	6228	6229	6230	11224
1743	4967
5435	5431	5438	5439	661	9533	221830	25885	25885	5435	55718	5438	5439
521	515	539	522
10095	10092	10094	10096	10097	10109	10094	10096	10097
2885	6654	3667	10818
56915	23404
472	7520
1108	2146	3066	53615
5295	3667	5290
11340	23404	51013
7520	2956
8891	8890	8892	8893	1965	8892
4361	2547	7520	3981	3981	4436	580	675
3932	5788
11222	28998	29074	10884
79991	80169
9128	24148
8535	10138
6207	6218	6222	6223	6224	6227	6228	6229	6231	6232	6233	6235	9349	2197	10399
472	4683	5932
3135	3805	10859	3105	3134
5711	5719
9442	1024	23091
6231	6233	6234	6235	9349	2197	23521	25873	4736	51121
80279	23376
57050	2091
28998	79590	29074	10884	29088	10884	29074	29088	51318
374291	4698	4711	4720	4724	4725	4728	4729
23244	10274
3419	50
925	926
10095	10092	10094	10096	10097	10109	10094	10096	10109
5688	5693	5695	5700	5702	5705	5706	5707	5708	5709	5710	5713	5714	5717	5718	10213	11047
7316	57559	7128	7323	7874	8517	7189	1147	8737	3551	1147	4792	4790	4792	4792	9146	23586	4287
10199	2091
832	51164
1645	1646
6134	6143	6155	6156	6159	6161	6176	6181	6191	6217	6227	6228	6229	6230	6235	11224	10399
23404	10767
701	64682	79003	79980	8881	890	51592	5347
6123	6143	6144	6155	6156	6170	6217	6228	6230
5688	5693	5694	5695	5700	5702	5706	5707	5708	5709	5710	5713	5714	5717	5718	10213	11047
55703	9533	64425	10849	10621	51082	10621	55703	55718	55703	55703
79991	9439
5714	10213	51377	10213	5714	10197	10213
6015	8535
2533	8631
9577	23172
6231	6233	6234	6235	9349	11224	2197	23521	25873	51121
6231	6233	6234	6235	9349	11224	2197	23521	25873	4736
23521	25873	4736	51121
6138	6208	51121
6156	6167	6176	6181	6191	6217	6228	6229	6230	6235	11224
1973	1974	1975	1977
6223	6235	7311
9646	1025	23168	6749	9646	9646	5435	2962	2961	6917	51728	661	64425
5693	5694	5695	5700	5702	5705	5706	5707	5708	5709	5710	5713	5714	5717	5718	10213	11047
5694	5700	5702	5705	5706	5707	5710	5713	5714	5717	5718	10213	23198	11047
22948	6950	10574
64682	8881	51592
23586	9636	7318	9246	3437	4599
5689	5718	9861	10197
1915	3921
6143	6144	6155	6156	6161	6176	6181	6191	6217	6227	6228	6229	6235	11224	10399
2308	2309	9575
5701	5714	5719
64425	9533	10621	51082	10621	55703	55718	55703	55703	55718	55703
9282	9862	1024	23091	29079
9349	25873	4736	51121
6229	6231	6232	6233	9349	1915	2197
5692	5704
2023	2821
8881	51592
5688	5693	5694	5695	5700	5702	5705	5707	5708	5709	5710	5713	5714	5717	5718	10213	11047
4839	57062	8886	51154	51187	51388	51187
8890	8892	8893	1965	8892	8893
6892	6891	910	912	3105	3107
892	9442	23091
3551	1147	4792	8517	7189	7316	57559	7128	7323	7874	9146	10075	23586	4287	1147	8737	4792	4790
23047	10274	23244	10274
10476	498	506	513	515	521	539	498	506	509	513	515	521	539
23451	84991	9092	59286	55660
5885	10274	23244	10274	10735	25836
6155	6156	6161	6167	6176	6181	6191	6217	6228	6229	6230	6235	11224
3802	3804
917	919
5694	5700	5702	5705	5706	5707	5709	5710	5713	5717	5718	10213	23198	11047
8202	2033
7381	7385	7386	9377	27089
9533	55703
81929	55746	9972	3837	5901	7514	9972	11260	1104	55746
9551	498	506	509	513	515	521	522	539	513
7520	3981	3981	4361	580	675	545	4436
5695	5700	5705	5706	5707	5708	5709	5710	5713	5714	10213	23198	11047
3587	3716
6727	6726
6184	6185	1650
3516	4853
9377	1327	1329	1345
5694	5700	5702	5705	5706	5707	5709	5713	5714	5717	5718	10213	23198	11047
5690	5692	5719	7311
9533	221830	5441
6128	6134	6143	6144	6155	6156	6161	6176	6181	6191	6217	6227	6228	6229	6230	11224
64682	51592
5695	5700	5702	5705	5707	5708	5709	5710	5713	5714	10213	23198	11047
7099	7189	4615	11213	3554	353376	7189	3665	6885	7189	8517
5685	5692	5701	5719	51377	5692	5701	5711	5714	5719	5714	5719
5701	5711	5714
6144	6155	6159	6161	6176	6181	6191	6217	6227	6228	6229	6230	11224	10399
3554	353376	7189
6138	6169	6208
5693	5694	5695	5700	5702	5705	5706	5707	5708	5710	5713	5714	5717	5718	10213	11047
6144	6155	6156	6159	6161	6176	6181	6191	6217	6228	6229	6230	11224	10399
6159	6161	6170	6191	6217	6228	7311	6176	6217	6228	6229	6230
3309	10525
65005	64981	65080	79590	51073	122704	64981	79590	79590	122704	122704	51073
5685	5692	5701	5714	5719	5692	5701	5711	5714	5719	5714	5719
6144	6155	6156	6159	6161	6176	6181	6191	6217	6227	6228	6229	6230	11224
6231	6233	6234	6235	9349	11224	23521	25873	4736	51121
6155	6156	6161	6167	6176	6181	6217	6227	6228	6229	6230	6235	11224
23165	23279	23636	10482	10762
79172	55166	55166
988	10291	23451	3192	10492
2033	8648	6256	5914	8648	8850	2309	23411
4677	5917	7965	7965
10412	51154	51187	51187	57062	8886	51388
10963	3326	10728
1973	1974	1975	27250
81608	10914	10914
5917	9521	2058	51520	9521	2058	51520
5917	3376	4141	51520	4141	9255	3376	4141
6198	3667	64798	79109	8408	8678	7405	9821	28956	3667
3716	3718
1743	8803
1994	3183	3185	3190	10949
9477	1024	23091
79954	65083	9136	10199	2091	26574	27340	26574	2091
6143	6144	6155	6156	6161	6176	6181	6191	6217	6227	6228	6230	6235	11224	10399
9636	7318	9246	23586	3661	3437
498	9551	513	522	506	513	515	521	522	539
6194	6203	6223	6227
1392	1394
7316	57559	7128	7874	8517	7189	1147	8737	3551	1147	4792	4790	4792	4792	9146	10075	23586	4287
6227	6228	6229	6230	6235	11224	10399
3586	3716
56681	10427	10484	10484
8890	8891	8892	8893	8892	1965
79590	29074	10884	29074	29088	10884	29074	29088	51318
6217	6227	6228	6229	6230	6235	11224
1982	26986
9412	9282	9444	9969	23091	9969
2961	6917	5435	51728	661	64425	6829	9646	1025	23168	6749	9646	9646
3326	10963	10728
353376	7189
8737	8772	843	329	7323
374291	4698	4711	4719	4720	4725	4728	4729
6134	6143	6144	6155	6156	6159	6161	6176	6181	6191	6217	6227	6229	6230	6235	11224	10399
6228	705
4436	5395
6613	7329	6612	8554	10054	6612
2033	7994	4205
5515	5529
1974	1975	1977	27250
5687	5690	5692	5719
6314	6883	6875	27097	51616	27097
5693	5694	5695	5700	5702	5705	5706	5707	5708	5709	5710	5714	5717	5718	10213	11047
79954	65083	9136	10199	2091	26574	27340	10199	2091
8891	8890	8892	8893	1965	8893
29894	51585
374291	4698	4711	4719	4720	4724	4725	4728
1738	1629	8050	1743	4967	5160	5162	1743	4967	5160	5162	5165
9255	3735
892	1024	23091
6229	6231	6232	6233	6235	9349	2197
5527	5529
10328	55831
63931	64963	10240	28973	51023	51023
8631	3937
11200	472
5714	10213	51377	10213	5695	5714	10213
7381	7385	7386	9377	29796
8644	1646
8517	7189	7316	57559	7128	7323	7874	9146	10075	23586	4287	8737	3551	1147	4792	4790	4792	4792
506	509	513	515	539	515	522	539
65083	79954	10199	2091	26574	9136	10199	2091	27340
5917	2058	3735	9521	2058	51520	51520
6176	6181	6191	6217	6227	6228	6229	6230	7311	11224	6191	6217	6227	6228	6230
2549	3667
9533	10621	5441
6789	55233
23404	51013
6134	6144	6155	6156	6159	6161	6176	6181	6191	6217	6227	6228	6229	6230	6235	11224	10399
5693	5694	5695	5700	5702	5705	5706	5707	5708	5709	5710	5713	5714	5717	5718	11047
5515	28227	5520
8678	8408	9821	2475	6198	3667	64798	79109	28956	3667
5693	5694	5695	5700	5702	5706	5707	5708	5709	5710	5713	5714	5717	5718	10213	11047
8517	7189	1147	8737	8915	55072
6194	6203	6223	6235
81608	1479	10914
3592	51561
5770	3643
6134	6169	6208	51121
6118	7156
142	331
10291	23451	3185	3192	10492
6229	6231	6232	6233	6235	1915	2197
6203	6223	6227	6235
8569	1979
79590	51069	63875	11222	29074	10884	54948	10884	90480	29074	51069	54948	10884
25879	10528	27340
472	4683
2962	6917	2963	9150	2963	2963
1024	23091	29079
6227	6235
6598	6599	6605
6134	6143	6144	6155	6156	6159	6161	6176	6181	6191	6217	6227	6228	6229	6230	6235	11224
10632	10476	498	506	513	515	521	539	498	506	509	513	515	521
22948	10574	10574
701	64682	79003	79980	890	1062	51592	5347
8891	8893	8893
57187	79228	9984
79184	9577
2547	7520	3981	4361	580	675	545	4436
6223	6227	7311
10884	28998	79590	29074	10884	29074	29088	29088	51318
65083	79954	10199	2091	26574	9136	10199	26574	27340
56949	9416	1665	1655	23451	10291	9092	9128	9416	10421	55660	9128	9416	9879	51362
9972	23165	23279	23636	10482
567	6892	6891	912	3105	3107
6123	6128	6143	6155	6156	6170	6217	6228	6230
51073	122704	64981	65005	11222	122704	51073	64981	65080	79590	79590	122704
11224	23521	3921	4736
1029	7161
3455	3454
10274	5885	10274	25836	10735	10735
5695	5700	5702	5705	5706	5707	5708	5709	5710	5713	5714	23198	11047
2058	3735	5917	9521	2058	51520	51520
60488	28973
6207	6218	6222	6223	6224	6227	6228	6231	6232	6233	6235	9349	1915	2197	10399
4088	9372
2976	9330	2975
829	830
1108	3065	53615
6231	6232	9349	2197	10399	6235	9349	2197
841	8717	8837	330
5693	5694	5695	5700	5702	5705	5706	5707	5708	5709	5710	5713	5714	5717	5718	10213
122704	10573
5686	5687	5694	5695	5714	10197	10213	5694	5695	10197	10213	51371
55167	84148
498	9551	513	522	506	509	513	515	521	539
7415	7353	79139	6400	51035	55666
506	509	513	515	539	521	522	539
1605	3908
5687	5686	5694	5695	5714	10197	10213	51371	5694	5695	5714	10197
5202	7411	5201
6749	23168	6829	9646	1025	5435	2962	2961	6917	51728	661	64425	9646
2959	6827	6917	2959	5431	9325	9439	9862	29079	5431
5687	5690	5692	7316
890	51592
6207	6218	6222	6223	6224	6227	6229	6231	6232	6233	6235	9349	1915	2197	10399
2962	6917	5435	51728	661	64425	6829	9646	1025	23168	6749	9646	9646
6143	6144	6155	6156	6161	6181	6191	6217	6227	6228	6229	6230	6235	11224	10399
6156	6167	6176	6181	6217	6227	6228	6229	6230	6235	11224
867	5295	3667
64963	63931	10240	10240	28973	51023
5693	5694	5695	5700	5702	5705	5706	5707	5708	5709	5710	5713	5714	5717	10213	11047
65083	9136	10199	2091	26574	27340	10199	2091	26574
3735	51520
22872	56681	10427	10484
329	8737	8717	8772	843
6227	6228	6229	6231	6232	6233	6235	9349	1915	2197	6229	6231	6235	7311	9349
90480	29074	51069	51069	63875	11222	29074	10884	79590	29074	10884	54948	54948
841	8717	8737	330
6227	6228	6229	6231	6232	6233	6235	9349	1915	2197	6231	6235	7311	9349	10399
9255	3376	4141	51520	4141	9255	3376	4141
25940	51637	51637
7385	7386	9377	27089	29796
5690	5719	7311	7316
10096	10109	10109
5694	5700	5702	5705	5706	5707	5709	5710	5713	5714	5717	5718	10213	23198
6203	6227	6235
7203	908	22948	908	10575
11157	51691
7381	7385	9377	27089	29796
7329	6612	6613	8554	10054	6612
5693	5694	5700	5702	5705	5706	5707	5708	5709	5710	5713	5714	5717	5718	10213	11047
1738	1629	1737	1743	4967	5160	5162	5165	8050	1743	5160	5162
387	9138
5714	10213
8050	4967	5160	5162	5162	5160	5165
5687	5718	9861	10197
10092	10094	10095	10094	10096	10097	10109	10096	10109
9442	9477	1024
10213	5695	5714	10213	5714	10197	10213
6231	6232	9349	2197	10399	6233	6235	2197
6228	6227	6229	6231	6235	7311	9349	10399	6229	6231	6233	6235	9349	1915	2197
9439	9862	23091	23389	1024	29079
6181	6176	6191	6217	6227	6228	6229	6230	6191	6217	6227	6228	6229	7311	11224
23091	5430	5431
65083	79954	10199	2091	26574	9136	10199	2091	26574
79184	23172
374291	4698	4711	4719	4720	4724	4725	4729
2073	2967	5430
65123	5518	5521	55726	55756
5692	5719	7311	7316
7189	8517	4615	11213	3554	353376	7189	3665	7099	7189	23643
7189	1147	8737	8915	9020	55072
1737	1738	1629	8050	1743	4967	5160	5162	4967	5160	5162	5165
9128	10291	56949	9416	9716	1665	1655	23451	9092	9128	9416	10421	55660	51362	9879
10240	28973
9794	4851
6138	6169	51121
5693	5694	5695	5702	5705	5706	5707	5708	5709	5710	5713	5714	5717	5718	10213	11047
5694	5700	5702	5705	5706	5707	5709	5710	5713	5714	5717	10213	23198	11047
6138	6181	6208
5695	5700	5702	5705	5706	5707	5708	5709	5713	5714	10213	23198	11047
27229	80097
9282	9439	1024	23091	29079
5515	5527
6207	6218	6222	6223	6224	6227	6228	6229	6231	6233	6235	9349	1915	2197	10399
6161	6159	6176	6191	6217	6228	6229	6230	6170	6191	6217	7311
1387	8202
6389	6390	7385	8802	8803
8890	8891	8892	8893	8893	1965
6229	6232	6233	6235	9349	1915	2197
56993	9868	54543	9868	54543
9255	9521	2058
6159	6161	6170	6191	6217	6228	7311	6176	6191	6228	6229	6230
10891	2101
10096	10097	10109
6134	6143	6144	6155	6156	6159	6161	6181	6191	6217	6227	6228	6229	6230	6235	11224	10399
6194	6203	6227	6235
10197	10213	51377	10213	5695	5714	10213
10632	10476	498	506	513	515	521	539	498	506	509	513	521	539
6229	6231	6232	6235	9349	1915	2197
7321	4734
253725	387680
7415	11124	7353	79139	6400	55666
4839	10412
3921	10399
6229	6231	6233	6235	9349	1915	2197
3675	3685	7094
1108	2146	3065	53615
22872	56681	10484	10484
509	506	515	521	522	539	513	539
5719	51377	5685	5692	5701	5714	5719	5692	5701	5711	5714	5719
6144	6155	6156	6159	6161	6176	6181	6217	6227	6228	6229	6230	11224	10399
9325	9862	29079	5430	2959	6827	6917	2959	5431	5431
996	25847
2491	79172	55166
661	9533	221830	25885	25885	5435	5435	5431	5438	5439	5438	5439	55718
3688	3685	7094
65005	122704
6228	6227	6229	6231	6235	7311	9349	10399	6229	6231	6232	6235	9349	1915	2197
5435	5431	5438	5439	661	9533	221830	25885	25885	5435	55718	5438	55718
8517	7189	7316	57559	7128	7323	7874	9146	10075	23586	4287	1147	3551	1147	4792	4790	4792	4792
3418	50
6123	6128	6143	6144	6156	6170	6217	6228	6230
6228	6227	6229	6231	6235	7311	9349	10399	6229	6231	6232	6233	9349	1915	2197
10412	4839	57062	8886	51154	51187	51388
7520	2547	3981	4361	580	675	545	4436
6138	6181	6206
1025	23091	5430
567	6892	6891	910	3105	3107
51073	64981	65005	11222	122704	51073	64981	65080	79590	79590	122704	79590
9862	1024	23091	23389	1024	29079
5714	51377	5685	5692	5701	5714	5719	5692	5701	5711	5714	5719
10799	54913
6829	1025	23168	6749	9646	9646	5435	2962	2961	6917	51728	661	64425
11224	9349	23521	4736
2033	8648	6256	5914	8648	8850	2309	4205
6184	1650	1650
5430	2959	6917	2959	5431	9325	9439	9862	29079	5431
23244	10274	5885	10274	25836	10735
56851	83460
374291	4698	4711	4719	4720	4724	4728	4729
7134	7135
8891	8890	8893
6950	10574	10574
11222	10884
65992	23376
5695	5702	5705	5706	5707	5708	5709	5710	5713	5714	10213	23198	11047
4683	7520
472	545
5709	5713	5714	5718	10213	23198	11047
8563	9984	10482
8648	6256	5914	8648	8850	2309	23411	4205
9412	9282	9444	9969	23091	23091
498	9551	513	522	506	509	515	521	522	539
2885	3937
5531	55671
5686	5687	5694	5695	5714	10197	10213	5694	5695	5714	10197	10213
23212	10412
6231	6233	6234	6235	11224	2197	23521	25873	4736	51121
63875	11222	51069	79590	29074	10884	54948	10884	90480	29074	51069	54948	10884
10728	3326	10728
6123	6128	6143	6144	6155	6156	6170	6228	6230
23091	29079	5430
7189	7316	57559	7128	7323	7874	9146	10075	23586	4287	1147	8737	3551	1147	4792	4790	4792	4792
5692	5701	5714	5719	51377	5692	5701	5711	5714	5719	5714	5719
117246	10199
3187	10236	27316
57506	3661
2547	3981	4361	580	675	545	4436	3981
6155	6156	6161	6176	6181	6191	6217	6227	6228	6229	6230	6235	11224
9282	9412	9969	23091	5431
6181	6176	6191	6217	6227	6228	6229	6230	6191	6217	6227	6229	6230	7311	11224
5295	3667
51013	5394
7329	6612	8554	10054	6612	8554
7428	3091
1738	1629	1737	1743	4967	5160	5162	5165	8050	1743	4967	5162
9128	9416	10291	56949	9416	9716	1665	1655	23451	9128	9416	51362	9879	10421	55660
6156	6167	6176	6181	6191	6217	6227	6228	6229	6235	11224
6161	6170	6191	6217	6228	7311	6176	6191	6217	6228	6229	6230
5695	10213	51377	10213	5714	10197	10213
832	830
9972	23279	23636	10482	10762
6774	3718
80155	80218
64682	8881
6917	5430	2959	6827	9325	9439	9862	29079	5431	5431
5034	10130	5611
9282	9412	9969	23091	9444	23091
23411	2309	9575
2975	2976	2975
1937	10399
9092	23451	8233	84991	55660
5692	5701	5711	5714	51377	5685	5692	5701	5714	5719	5714	5719
6599	6603	6605
5688	5693	5694	5695	5700	5702	5705	5706	5707	5709	5710	5713	5714	5717	5718	10213	11047
7409	6850	5335
5687	5694	5695	5714	10197	10213	5694	5695	5714	10197	10213	51371
8517	7189	1147	8737	8915	9020
26173	57117	5431	5500	55726
9804	9868	54543	9868	54543
9325	9439
64682	8881	996
112869	8850	10629
5515	28227	5529
6207	6222	6223	6224	6227	6228	6229	6231	6232	6233	6235	9349	1915	2197	10399
57559	7128	7323	7874	8517	7189	1147	8737	3551	1147	4792	4790	4792	4792	9146	10075	23586	4287
10632	10476	498	506	513	515	521	539	498	509	513	515	521	539
6233	6234	6235	9349	11224	2197	23521	25873	4736	51121
4683	5932	7520
7323	8737	8717	8772	843
6156	6176	6181	6191	6217	6227	6228	6229	6230	6235	11224
701	64682	79003	79980	8881	890	1062	51592
925	3105
9521	3735	5917	9521	2058	51520	51520
5781	3667
4967	8050	5160	5162	5160	5165	5160
1499	2534	4040	51176
1025	905	5430
6143	6144	6155	6161	6176	6181	6191	6217	6227	6228	6229	6230	6235	11224	10399
5885	10274	23244	10274	10735	10735
3551	8517	7189	7316	57559	7128	7323	7874	9146	10075	23586	4287	1147	8737	4792	4790	4792	4792
64963	10240	28973	51023	51023	10240
7415	267
8666	8667
7316	57559	7128	7323	7874	8517	7189	1147	8737	3551	1147	4792	4790	4792	4792	9146	10075	4287
5694	5700	5702	5705	5706	5709	5710	5713	5714	5717	5718	10213	23198	11047
6207	6218	6222	6223	6224	6227	6228	6229	6231	6232	6233	9349	1915	2197	10399
10884	28998	79590	29074	10884	29074	29088	29074	51318
701	79003	79980	8881	890	1062	51592	5347
6181	6176	6191	6217	6227	6228	6229	6230	6217	6227	6228	6229	6230	7311	11224
11200	545
2773	55970
9092	9128	9416	10291	56949	9416	9716	1665	1655	23451	9128	9416	51362	9879	55660
7514	9972	11260	3837	9972	23279	81929	55746	55746	1104
6231	6233	6234	6235	9349	11224	2197	25873	4736	51121
5885	23244	10274	10735	25836	10735
2885	2549
5694	5702	5705	5706	5707	5709	5710	5713	5714	5717	5718	10213	23198	11047
9739	30827	9739
9282	9412	9969	23091	9444	9969
3065	7528	53615	3066	53615
10130	5611	7184
5709	5713	5714	5717	5718	10213	11047
10859	3105	3135	10288	3805
6176	6181	6191	6217	6227	6228	6229	6230	7311	11224	6217	6227	6228	6229	6230
23168	6749	9646	6829	9646	1025	5435	2962	2961	6917	51728	661	64425
6910	2626
7132	8772
9533	64425	10849	51082	10621	55703	55718	55703	55703	55718	55703
1973	26986
6159	6176	6191	6217	6228	6229	6230	6170	6191	6217	6228	7311
28998	79590	29074	10884	29074	29088	29074	29088	51318
6233	7311	11224	25873	4736
5693	5694	5695	5700	5702	5705	5706	5708	5709	5710	5713	5714	5717	5718	10213	11047
8453	9616
81608	29894
5686	5694	5695	5714	10197	10213	51371	5694	5695	5714	10197	10213
6232	6231	6233	6235	9349	2197	2197	10399
9092	9128	9416	10291	56949	9416	9716	1665	1655	23451	9128	9416	51362	9879	10421
6156	6167	6181	6191	6217	6227	6228	6229	6230	6235	11224
6144	6155	6156	6159	6176	6181	6191	6217	6227	6228	6229	6230	11224	10399
9551	498	506	509	513	515	521	522	539	522
11171	54960
5695	5700	5702	5705	5706	5707	5708	5709	5710	5713	5714	10213	23198
5700	5702	5705	5706	5707	5709	5710	5713	5714	5717	5718	10213	23198	11047
3184	3183
8563	9984
27229	653784
5688	5693	5694	5695	5700	5702	5705	5706	5707	5708	5709	5710	5713	5714	5717	10213	11047
513	515	522	539
6134	6138	6169	6208
5696	5698	5699	5719	5719
5901	9972	11260	3837	9972	23279	81929	55746	55746	1104
1329	1340	1345
9040	9616	54165
57223	55671
6144	6155	6156	6159	6161	6181	6191	6217	6227	6228	6229	6230	11224	10399
6217	6228	6229	6230	6235	11224	10399
1482	2626
5431	5435	661	9533	221830	25885	25885	5435	55718	5438	5439	55718	5438
6203	6223	6227
9439	29079
6223	6227	6235
8881	996	51592
1108	2146	3065	3066
6227	6229	6231	6235	7311	9349	10399	6229	6231	6232	6233	6235	9349	1915	2197
6181	6176	6191	6217	6227	6228	6229	6230	6191	6217	6228	6229	6230	7311	11224
5966	4792	4794	5971	4792
6885	7189	4615	11213	3554	353376	7189	3665	7099	7189	23643
6203	6223	6235
80335	9739
10476	10632	498	506	509	513	515	521	539	498	506	513	515	539
6598	6603	6605
7316	57559	7323	7874	8517	7189	1147	8737	3551	1147	4792	4790	4792	4792	9146	10075	23586	4287
3667	5290	5293
374291	4698	4719	4720	4724	4725	4728	4729
9040	54165	55208
2033	8648	6256	5914	8648	8850	23411	4205
6599	6605	9031
23451	24148
4615	11213	3554	353376	7189	6885	7189	8517	7099	7189	23643
5709	5713	5714	5717	5718	23198	11047
7316	7128	7323	7874	8517	7189	1147	8737	3551	1147	4792	4790	4792	4792	9146	10075	23586	4287
79172	2491	55166
10426	29922
9349	23521	25873	51121
6231	6233	6234	9349	11224	2197	23521	25873	4736	51121
1738	1737	1743	5162	8050	1743
6155	6156	6161	6167	6176	6191	6217	6227	6228	6229	6230	6235	11224
5709	5713	5714	5717	5718	10213	23198
9862	1024	29079
9416	9716	1665	1655	23451	10291	9092	9128	9416	10421	55660	9128	9416	9879	51362
9972	23165	23636	10482	10762
1994	3183	3185	5094	10949
1915	1937
5201	7411	5201
1994	3183	3185	3190	5094
65083	79954	10199	2091	26574	9136	2091	26574	27340
6167	6203	6207	7311
513	515	521	522
9092	9128	10291	56949	9416	9716	1665	1655	23451	9128	9416	51362	9879	10421	55660
6176	6181	6191	6217	6227	6228	6229	6230	7311	11224	6191	6227	6228	6229	6230
6207	6218	6222	6224	6227	6228	6229	6231	6232	6233	6235	9349	1915	2197	10399
11222	65005	64981	65080	79590	51073	122704	64981	79590	79590	122704	122704
9282	9439	9862	23091	29079
5435	2962	2961	6917	51728	661	6829	9646	1025	23168	6749	9646	9646
9551	513	522	506	509	513	515	521	522	539
5700	5702	5705	5706	5707	5708	5709	5710	5713	5714	10213	23198	11047
5692	5719
5693	5694	5695	5700	5702	5705	5707	5708	5709	5710	5713	5714	5717	5718	10213	11047
57187	8563
6227	6228	6229	6231	6232	6233	6235	9349	1915	2197	6229	6235	7311	9349	10399
7411	5202	5201
79760	11171
5914	8648	8648	2033	8850	2309	23411	4205
5688	5693	5694	5695	5700	5702	5705	5706	5707	5708	5709	5710	5713	5714	5717	5718	10213
26173	57117	5431	5515	55726
80335	30827	9739
51081	54948
28998	29074	29088	10884	29074	29088	51318	29074	10884
905	23091	5430
6777	6778
5917	9521	2058	3735	9521	2058	51520
4089	8563	9392
5686	5687	5694	5695	5714	10197	10213	5694	5695	5714	10197	51371
930	974	974
5695	5700	5702	5705	5706	5708	5709	5710	5713	5714	10213	23198	11047
6181	6176	6191	6217	6227	6228	6229	6230	6191	6217	6227	6228	6230	7311	11224
80097	10426
892	9442	1024
6235	7311
2033	8648	6256	5914	8648	2309	23411	4205
9412	9439	1025	23091
6217	6227	6228	6230	6235	11224	10399
6143	6144	6155	6156	6161	6176	6181	6191	6227	6228	6229	6230	6235	11224	10399
6917	2962	2961	2963	9150	2963
5917	9255	3376	51520	4141	9255	3376	4141
6169	6208	51121
2071	2073	2967
8563	9392
6231	6234	6235	9349	11224	2197	23521	25873	4736	51121
65005	11222	122704	51073	64981	65080	79590	51073	122704	64981	79590	122704
6229	6231	6232	6233	6235	9349	1915
2821	5230
10528	25879	27340
9040	9616	55208
498	9551	513	522	506	509	513	521	522	539
6047	6996
6134	6143	6144	6155	6156	6159	6161	6176	6181	6191	6227	6228	6229	6230	6235	11224	10399
10632	10476	498	506	513	515	521	539	498	506	513	515	521	539
7329	6613	8554	10054	6612	8554
5695	5700	5702	5705	5706	5707	5708	5709	5710	5713	10213	23198	11047
6181	6176	6191	6217	6227	6228	6229	6230	6191	6217	6227	6228	6229	6230	11224
80145	8563
8891	8892	8893	8892	8893	1965
51377	5695	5714	10213	5714	10197	10213
513	521	522	539
55167	10943
1994	3183	3190	5094	10949
1915	1933	1937	3921
4841	55269
4790	5966	4792	4794	5971
6194	6223	6227	6235
661	5435	5431	5438	5439	5438	5439	55718	55718	221830	25885	25885	5435
11222	29074
53615	10933	3065	7528	53615
6161	6159	6176	6191	6217	6228	6229	6230	6170	6191	6228	7311
5694	5700	5705	5706	5707	5709	5710	5713	5714	5717	5718	10213	23198	11047
29079	5430	5431
25885	9533	661	5435	5431	5438	5439	5438	5439	55718	55718	221830	25885
64963	63931	10240	51023	28973	51023
51081	85476
9325	9439	9862	5430	2959	6827	6917	2959	5431	5431
6217	6227	6228	6229	6235	11224	10399
567	6892	6891	910	912	3105
26173	57117	5431	5500	5515
5694	10213
5917	9255	4141	51520	4141	9255	3376	4141
9092	59286	23451	8233	84991
122704	64981	65005	11222	122704	51073	64981	65080	79590	79590	122704	79590
30827	80335	9739
6143	6144	6155	6156	6161	6176	6181	6217	6227	6228	6229	6230	6235	11224	10399
6155	6156	6161	6167	6176	6181	6191	6217	6227	6228	6229	6230	6235
2534	4040	4851	51176
9439	9862	1024	23091	23389	1024
1025	905	23091
4841	6421
7535	919	5335
3593	3592
6123	6128	6144	6155	6156	6170	6217	6228	6230
6176	6181	6191	6217	6227	6228	6229	6230	7311	11224	6191	6217	6227	6228	6229
4087	9372	4088
5917	9255	9521
9972	23165	23279	10762	10482
64682	996	51592
63875	11222	29074	51069	79590	29074	10884	54948	10884	90480	29074	51069	54948
916	919
6917	2959	5430	2959	6827	9325	9439	9862	29079	5431
3192	988	10291	23451	3185
51728	5435	2962	2961	6917	64425	6829	9646	1025	23168	6749	9646	9646
6128	6134	6144	6155	6156	6159	6161	6176	6181	6191	6217	6227	6228	6229	6230	11224
10884	90480	29074	51069	51069	63875	11222	29074	10884	79590	29074	10884	54948
6181	6176	6191	6217	6227	6228	6229	6230	6191	6227	6228	6229	6230	7311	11224
7189	23643	4615	11213	3554	353376	7189	3665	6885	7189	8517
117246	55759
6134	6143	6144	6155	6156	6159	6161	6176	6181	6191	6217	6227	6228	6230	6235	11224	10399
6155	6156	6161	6167	6176	6181	6191	6217	6227	6228	6229	6235	11224
57187	79228	8563
3516	55534
9984	10482	4089
11222	29074	29088	10884
5430	6827	6917	2959	5431	9325	9439	9862	29079	5431
23389	9439	9862	1024	23091	29079
80306	9282	9412	23091	5431
6228	6229	6231	6232	6233	6235	9349	1915	2197	6229	6231	6235	7311	9349	10399
5690	5692	7311	7316
2962	2961	2963	6917	2963	9150
56851	55831
10273	4734
6123	6128	6143	6144	6155	6156	6170	6217	6228
7994	8202	4205
1655	56949	9416	9716	10291	9092	9128	9416	23451	9128	9416	10421	55660	9879	51362
8803	4967
1350	4700
10492	988	10291	23451	3185
1738	1737	1743	5162	1743	5162
8664	8667
2146	3065	3066	53615
5693	5694	5695	5700	5702	5705	5706	5707	5708	5709	5713	5714	5717	5718	10213	11047
10799	79897
5694	5700	5702	5706	5707	5709	5710	5713	5714	5717	5718	10213	23198	11047
6156	6167	6176	6181	6191	6227	6228	6229	6230	6235	11224
6232	6231	6233	6235	9349	2197	9349	2197
5695	5714	51377	10213	5714	10197	10213
65083	79954	10199	2091	26574	10199	2091	26574	27340
3184	2521
5695	5700	5702	5705	5706	5707	5708	5709	5710	5713	5714	10213	11047
498	9551	513	522	509	513	515	521	522	539
9377	1329	1340	1345
7251	51271
9442	9477	23091
2975	9330	2975
51616	6879
6256	5914	8648	2033	8850	2309	23411	4205
5966	4790	5971	4792	4794
3135	10288	10859	3105	3134
1994	3185	3190	5094	10949
6612	6613	7329	6612	8554	8554
6176	6181	6191	6217	6227	6228	6229	6230	7311	11224	6191	6217	6228	6229	6230
6228	6227	6229	6231	6235	7311	9349	10399	6229	6231	6232	6233	6235	9349	2197
3586	3588	3716
8408	8678	7405	2475	6198	3667	64798	79109	28956	3667
10859	3134	3135	10288	3805
5694	5700	5702	5705	5706	5707	5709	5710	5714	5717	5718	10213	23198	11047
8772	4049
6228	6227	6229	6231	6235	7311	9349	10399	6229	6231	6232	6233	6235	9349	1915
1737	1738	8050	1743	5162	5162
9636	7318	9246	3437	4599	3661
515	521	522	539
5713	5714	5717	5718	10213	23198	11047
4087	4089
7318	9636	23586	3661	3437	4599
6389	8802	8803	7385	8802
6227	6228	6229	6231	6232	6233	6235	9349	1915	2197	6229	6231	6235	9349	10399
10240	64963	63931	10240	51023	28973
2547	7520	3981	3981	4361	580	675	545
5692	5711	5714	5719	51377	5685	5692	5701	5714	5719	5714	5719
5917	51520	4677	7965
4851	4853
63875	11222	29074	10884	79590	29074	10884	54948	10884	90480	29074	51069	54948
23279	81929	55746	9972	3837	5901	7514	9972	11260	1104
79590	10884
5709	5713	5717	5718	10213	23198	11047
6774	3716
3716	6777
7409	7535	5335
8850	55578	10629
5160	8050	4967	5160	5162	5160	5165
6134	6143	6144	6155	6156	6159	6161	6176	6181	6191	6217	6227	6228	6229	6230	11224	10399
841	8717	8737	8837
5709	5714	5717	5718	10213	23198	11047
5770	3480
4967	5160	5162	5160	5162	5160	5165
79590	28998	29074	29088	10884	29074	29088	51318	29074
7415	10956
65123	57117	5518	5521	55756
1629	1737	1743	4967	5160	5162	5165	8050	1743	4967	5160	5162
51082	9533	64425	10849	10621	55703	55718	55703	55703	55703	55718
6390	7385	8802	8802	8803
23223	55759
5714	10197	51377	10213	5695	5714	10213
1147	4792	8517	7189	7316	57559	7128	7323	7874	9146	10075	23586	4287	1147	8737	4792	4790	4792
6134	6143	6144	6155	6156	6159	6161	6176	6181	6217	6227	6228	6229	6230	6235	11224	10399
57117	5518	5521	55726	55756
8890	8891	8893
10097	10109	10109
6128	6134	6143	6144	6155	6156	6159	6161	6176	6181	6191	6227	6228	6229	6230	11224
6176	6181	6191	6217	6227	6228	6229	6230	7311	11224	6191	6217	6227	6229	6230
6128	6134	6143	6144	6155	6156	6159	6161	6176	6181	6217	6227	6228	6229	6230	11224
6595	6598	6603	6605
3376	51520
5687	5704	10197
6233	7311	7874
10412	4839	57062	8886	51388	51187	51187
3376	4141
6233	9349	7874
1653	25940	51637
6134	6138	6169	51121
23191	3071
9325	9439	29079	5430	2959	6827	6917	2959	5431	5431
51520	5917	7965	7965
5701	5711	5714	5719	51377	5685	5692	5701	5714	5719	5714	5719
2475	6198	3667	79109	8408	8678	7405	9821	28956	3667
10291	56949	9416	9716	1665	1655	23451	9092	9128	9416	10421	55660	9128	9416	51362
2885	2549	3667	10818
23244	8243	23047	10274
5688	5693	5694	5695	5700	5702	5705	5706	5707	5708	5709	5713	5714	5717	5718	10213	11047
51690	51691
5929	9739	9739
2475	6198	3667	64798	8408	8678	7405	9821	28956	3667
6231	6233	6235	9349	2197	9349	2197	10399
2783	55970
4839	10412	51154	51187	51187	57062	8886
509	506	515	521	522	539	513	515
30827	5929	9739
6203	7311
9372	4088	4089
80306	9439	1025	23091
8243	23047	23244	10274
1645	8644
10054	6612
509	513	515	539	515	521	522	539
5687	5686	5694	5695	5714	10197	10213	51371	5694	5695	10197	10213
5295	867	1398
6128	6134	6143	6144	6155	6156	6159	6176	6181	6191	6217	6227	6228	6229	6230	11224
60488	10240
6599	6603	9031
1738	1737	1743	4967	5160	5162	5165	8050	1743	4967	5160	5162
6167	6176	6181	6191	6217	6227	6228	6229	6230	6235	11224
80169	9439
3587	3588	3716
10092	10094	10095	10094	10096	10097	10109	10097	10109
5685	5687	5690	5692
6123	6128	6143	6144	6155	6170	6217	6228	6230
3066	10933	3065	7528	53615
6497	8563	9392
2549	6654	3667	10818
7381	7385	7386	27089	29796
4193	1029
64425	10849	10621	51082	10621	55703	55718	55703	55703	55718	55703
10095	10092	10094	10096	10097	10109	10094	10097	10109
6207	6218	6222	6223	6224	6227	6228	6229	6231	6232	6233	6235	1915	2197	10399
10891	5465
3105	3134	3135	10288	3805
220988	10236	27316
6144	6155	6156	6159	6161	6176	6181	6191	6217	6227	6228	6230	11224	10399
51073	122704	65005	11222	122704	51073	64981	65080	79590	79590	122704	79590
3716	6778
1933	1915	1937	3921
6167	6205	6207	7311
2547	2956
3587	3586	3716
6181	6206	6208
4141	5917	9255	3376	4141	9255	3376	4141
23325	387680
5694	5700	5702	5705	5706	5707	5709	5710	5713	5714	5718	10213	23198	11047
4615	3554	353376	7189	3665	6885	7189	8517	7099	7189	23643
1499	2534	4040	4851
8243	10274	23244	10274
6159	6161	6170	6191	6217	6228	7311	6176	6191	6217	6228	6230
221830	9533	661	5435	5431	5438	5439	5438	5439	55718	55718	25885	5435
10427	22872	56681	10484
5914	6256	8648	2033	8850	2309	23411	4205
6128	6134	6143	6144	6155	6159	6161	6176	6181	6191	6217	6227	6228	6229	6230	11224
1737	1738	1629	8050	1743	4967	5160	5162	1743	4967	5162	5165
3480	3643
830	51164
6155	6156	6161	6167	6176	6181	6191	6217	6227	6228	6229	6230	11224
2962	2961	2963	6917	2963	2963
6128	6134	6143	6155	6156	6159	6161	6176	6181	6191	6217	6227	6228	6229	6230	11224
6156	6167	6176	6181	6191	6217	6227	6228	6229	6230	6235
81876	51762	2665
2475	6198	3667	64798	79109	8408	8678	7405	9821	3667
79590	28998	29074	29088	10884	29074	29088	51318	10884
7168	7139	88	4624
10094	10095	10094	10096	10097	10109	10096	10097	10109
25873	4736
506	509	513	515	539	515	521	522
1665	1655	56949	9416	9716	10291	9092	9128	9416	10421	55660	9128	9416	9879	51362
916	917
6155	6161	6167	6176	6181	6191	6217	6227	6228	6229	6230	6235	11224
2961	2962	6917	2963	9150	2963
498	506	509	513	515	521	522	539	513	522
10054	7341
51009	10956
5685	5692	5701	5714	51377	5692	5701	5711	5714	5719	5714	5719
5685	5701	5714	5719	51377	5692	5701	5711	5714	5719	5714	5719
6161	6159	6176	6191	6217	6228	6229	6230	6170	6191	6217	6228
6176	6191	6217	6227	6228	6229	6230	6191	6217	6227	6228	6229	6230	7311	11224
6167	6203
5692	5701	5714	5719	51377	5685	5692	5701	5714	5719	5714	5719
9255	4141	51520	4141	5917	9255	3376	4141
6231	6232	9349	2197	10399	6233	9349	2197
843	8717	8737	329	7323
6198	3667
6156	6167	6176	6181	6191	6217	6227	6229	6230	6235	11224
5696	5699	5719	5699	5719
5901	7514	9972	3837	9972	23279	81929	55746	55746	1104
506	509	513	515	539	515	521	539
29074	10884	90480	51069	63875	11222	29074	10884	79590	29074	10884	54948	54948
6134	6143	6144	6155	6156	6161	6176	6181	6191	6217	6227	6228	6229	6230	6235	11224	10399
3688	3675	3685
84661	9739
65005	11222	122704	51073	64981	79590	122704	51073	122704	64981	79590	79590
5692	5704	10197
10092	10094	10096	10097	10109	10094	10096	10097	10109
9372	4089
6228	6227	6229	6231	6235	7311	9349	10399	6229	6232	6233	6235	9349	1915	2197
521	522	539	539
65123	57117	5518	5521	55726
51520	5917	9255	3376	4141	9255	3376	4141
6161	6159	6176	6191	6217	6228	6229	6230	6191	6217	6228	7311
9862	23091	29079
2491	55166	55166
6789	11186
10728	10963	10728
6144	6155	6156	6159	6161	6176	6181	6191	6227	6228	6229	6230	11224	10399
57050	10199
112869	8850	55578
6400	7415	11124	7353	51035	55666
1163	51592
9416	10291	56949	9416	9716	1665	1655	23451	9092	9128	9416	10421	55660	51362	9879
5688	5693	5694	5695	5700	5702	5705	5706	5708	5709	5710	5713	5714	5717	5718	10213	11047
5698	5696	5699	5719	5699
374291	4698	4711	4719	4724	4725	4728	4729
973	930	974
6181	6191	6217	6227	6228	6229	6230	7311	11224	6191	6217	6227	6228	6229	6230
6143	6144	6155	6156	6161	6176	6191	6217	6227	6228	6229	6230	6235	11224	10399
2058	51520
23279	9972	3837	5901	7514	9972	11260	1104	55746	55746
5685	5692	5714	5719	51377	5692	5701	5711	5714	5719	5714	5719
57117	5431	5500	5515	55726
2885	2549	6654	10818
6892	567	910	912	3105	3107
3376	4141	51520	4141	5917	9255	3376	4141
55759	10607
51762	81876	2665
1738	1629	1737	1743	4967	5160	5162	5165	1743	4967	5160	5162
5688	5693	5694	5695	5700	5702	5705	5706	5707	5708	5710	5713	5714	5717	5718	10213	11047
8664	8666
1340	9377	1327	1329
10476	10632	498	506	509	513	515	521	539	498	506	513	515	521
11224	9349	23521	25873	3921	4736
2475	6198	3667	64798	79109	8408	8678	7405	9821	28956
567	910	912	3105	3107	6891
7405	8408	9821	2475	6198	3667	64798	79109	28956	3667
6155	6156	6159	6161	6176	6181	6191	6217	6227	6228	6229	6230	11224	10399
4967	8050	5160	5162	5160	5165	5162
1499	2534	4851	51176
7311	7874	9349
7528	53615	10933	3066	53615
5694	5700	5702	5705	5706	5707	5709	5710	5713	5714	5717	5718	10213	11047
9325	29079
80335	9739	9739
23411	2308	2309
1973	1975	1977	27250
11213	3554	353376	7189	3665	6885	7189	8517	7099	7189	23643
6128	6134	6143	6144	6156	6159	6161	6176	6181	6191	6217	6227	6228	6229	6230	11224
5695	5700	5702	5705	5706	5707	5708	5710	5713	5714	10213	23198	11047
567	6892	6891	910	912	3107
4087	4088	4089
2071	2967	5430
1392	1395
6155	6156	6167	6176	6181	6191	6217	6227	6228	6229	6230	6235	11224
6167	7311
6134	6143	6144	6155	6159	6161	6176	6181	6191	6217	6227	6228	6229	6230	6235	11224	10399
2961	2963	6917	2963	9150	2963
56851	51016
1605	1756
6123	6128	6143	6144	6155	6156	6170	6217	6230
6595	6598	6599	6605
4089	6497	9392
5688	5693	5694	5695	5700	5702	5705	5706	5707	5708	5709	5710	5714	5717	5718	10213	11047
7428	9616
56993	9804	9868	54543	54543
57187	80145
973	974	974
9349	23521	25873	3921	4736	51121
9533	221830	25885	25885	5435	5435	5431	5438	5439	5438	5439	55718	55718
6155	6156	6161	6167	6181	6191	6217	6227	6228	6229	6230	6235	11224
5693	5694	5695	5700	5702	5705	5706	5707	5709	5710	5713	5714	5717	5718	10213	11047
10130	5034	7184
4437	4436
6167	6203	6205	7311
4853	55534
6128	6134	6143	6144	6155	6156	6159	6161	6176	6191	6217	6227	6228	6229	6230	11224
1737	1743	5162	8050	1743	5162
29074	51069	63875	11222	29074	10884	54948	10884	90480	29074	51069	54948	10884
4697	4700
3454	6773
6231	6233	6235	9349	11224	2197	23521	25873	4736	51121
6198	1977
6207	6218	6222	6223	6224	6227	6228	6229	6231	6232	6233	6235	9349	1915	10399
1387	2033
9439	1024	23091	23389	1024	29079
117246	10607
3065	53615	10933	3066	53615
9246	9636	23586	3661	3437	4599
221830	55703
6227	6228	6229	6231	6232	6233	6235	9349	1915	2197	6229	6231	6235	7311	10399
996	8881	51592
3065	3066	53615
2959	5430	2959	6827	9325	9439	9862	29079	5431	5431
5688	5693	5694	5695	5700	5702	5705	5706	5707	5708	5709	5710	5713	5717	5718	10213	11047
6232	6231	6233	6235	9349	2197	9349	10399
6185	6184	1650
29074	10884
5435	661	9533	221830	25885	25885	5435	55718	5438	5439	55718	5438	5439
5695	5700	5702	5706	5707	5708	5709	5710	5713	5714	10213	23198	11047
6227	6235	7311
6227	7311
3587	3586
5688	5693	5694	5695	5700	5705	5706	5707	5708	5709	5710	5713	5714	5717	5718	10213	11047
6950	22948	10574
9255	2058
80155	8260
6138	6206	6208
10476	10632	498	506	509	513	515	521	539	498	513	515	521	539
5295	5291
6598	6599	6603
2033	8202	4205
6181	6176	6191	6217	6227	6228	6229	6230	6191	6217	6227	6228	6229	6230	7311
5687	5686	5694	5695	5714	10197	10213	51371	5694	5714	10197	10213
2665	81876	2665
6134	6143	6144	6155	6156	6159	6161	6176	6181	6191	6217	6227	6228	6229	6230	6235	10399
5688	5694	5695	5700	5702	5705	5706	5707	5708	5709	5710	5713	5714	5717	5718	10213	11047
9521	2058	3735	9521	2058	51520	51520
6217	6227	6228	6229	6230	6235	10399
6144	6155	6156	6159	6161	6176	6191	6217	6227	6228	6229	6230	11224	10399
5695	5700	5702	5705	5706	5707	5708	5709	5710	5714	10213	23198	11047
9255	9521
1756	3908
4193	7161
6144	6155	6156	6161	6176	6181	6191	6217	6227	6228	6229	6230	11224	10399
841	8737	8837	330
8517	7189	1147	8737	9020	55072
9862	1024	23091
1479	81608	10914
3107	3804
374291	4711	4719	4720	4724	4725	4728	4729
9282	9444	9969	23091	9969	23091
7535	916	919
4790	5971	4792	4792	4794
580	4361	2547	7520	3981	3981	4436	545
11222	29074	51069	79590	29074	10884	54948	10884	90480	29074	51069	54948	10884
6228	6227	6229	6231	6235	7311	9349	10399	6231	6232	6233	6235	9349	1915	2197
1108	3066	53615
6134	6143	6144	6155	6156	6159	6161	6176	6181	6191	6217	6227	6228	6229	6235	11224	10399
1147	3551	8517	7189	7316	57559	7128	7323	7874	9146	10075	23586	4287	1147	8737	4792	4790	4792
1737	1738	1629	8050	1743	4967	5160	5162	1743	4967	5160	5165
10476	10632	498	506	509	513	515	521	539	506	513	515	521	539
6144	6155	6156	6159	6161	6176	6181	6191	6217	6227	6228	6229	6230	10399
5693	5694	5695	5700	5702	5705	5706	5707	5708	5709	5710	5713	5717	5718	10213	11047
2885	2549	6654	3667
23636	9972	23165	23279	10762
6123	6128	6143	6144	6155	6156	6217	6228	6230
80335	84661
6421	55269
28998	79590	29074	10884	29074	10884	29074	29088	51318
6134	6143	6144	6155	6156	6159	6161	6176	6191	6217	6227	6228	6229	6230	6235	11224	10399
9349	23521	3921	4736
6155	6156	6161	6167	6176	6181	6191	6227	6228	6229	6230	6235	11224
27340	10528	27340
6167	6203	6205	6207
23212	4839
8453	7428
81608	10914
25940	1653	51637
5688	5693	5694	5695	5700	5702	5705	5706	5707	5708	5709	5710	5713	5714	5717	5718	11047
23521	25873
6233	7311	11224	25873	9349
79897	54913
6612	6613	8554	10054	6612	8554
7318	9246	23586	3661	3437	4599
7535	916	5335
6134	6143	6144	6155	6156	6159	6161	6176	6181	6191	6217	6228	6229	6230	6235	11224	10399
4437	5395
1737	1738	1629	8050	1743	4967	5160	5162	1743	5160	5162	5165
5693	5695	5700	5702	5705	5706	5707	5708	5709	5710	5713	5714	5717	5718	10213	11047
5685	5687	5690	5719
63931	10240	10240	28973	51023	51023
890	1163
51616	6881	6314	6883	6875	27097
2962	2961	6917	51728	661	64425	6829	9646	1025	23168	6749	9646	9646
9439	9862	1024	23389	1024	29079
6185	1650	1650
9282	9412	9969	23091	9969	23091
6194	3667
6134	6143	6144	6155	6156	6159	6161	6176	6181	6191	6217	6227	6228	6229	6230	11224
9377	1340	1345
836	331
10632	10476	498	506	513	515	521	539	506	509	513	515	521	539
10097	10096	10109
6883	6881	6314	27097	51616	27097
23047	23244
51271	10015
6159	6161	6170	6191	6217	6228	7311	6191	6217	6228	6229	6230
6156	6167	6176	6181	6191	6217	6227	6228	6229	6230	11224
4141	51520
513	515	521	539
5901	7514	9972	11260	3837	9972	23279	81929	55746	55746
6144	6155	6156	6159	6161	6176	6181	6191	6217	6227	6228	6229	11224	10399
5694	5700	5702	5705	5706	5707	5709	5710	5713	5714	5717	5718	23198	11047
6128	6143	6144	6155	6156	6159	6161	6176	6181	6191	6217	6227	6228	6229	6230	11224
2549	3937
2962	2961	2963	9150	2963	2963
2665	51762	2665
10054	6613	7329	6612	8554	8554
8517	7189	7316	57559	7128	7323	7874	9146	10075	23586	4287	1147	8737	3551	1147	4792	4790	4792
10291	988	3185	3192	10492
5687	5689	9861	10197
10621	51082	9533	64425	10849	10621	55703	55718	55703	55703	55718
11224	9349	23521	25873	3921	51121
5435	5431	5438	5439	661	9533	221830	25885	25885	5435	55718	5439	55718
5917	9521	3735	9521	2058	51520	51520
701	64682	8881	890	1062	51592	5347	79980
472	4683	7520
4698	4711	4719	4720	4724	4725	4728	4729
2058	3735
7316	57559	7128	7323	7874	8517	7189	1147	8737	3551	1147	4792	4790	4792	4792	9146	10075	23586
4839	10412	51154	51187	51187	8886	51388
51585	10914
11224	9349	23521	25873	4736	51121
6128	6134	6143	6144	6155	6156	6159	6161	6176	6181	6191	6217	6228	6229	6230	11224
1665	56949	9416	9716	10291	9092	9128	9416	23451	9128	9416	10421	55660	9879	51362
996	51592	51592
10632	498	506	509	513	515	521	539	498	506	513	515	521	539
1340	9377	1329
6143	6144	6155	6156	6159	6161	6176	6181	6191	6217	6227	6228	6229	6230	6235	11224	10399
8517	7189	1147	8915	9020	55072
5709	5713	5714	5717	10213	23198	11047
4790	5966	4792	4794	4792
1933	1937	1937	3921
79003	701	64682	8881	890	1062	51592	5347
80306	9412	9969	23091	5431
7311	11224	25873	9349	4736
3551	1147	4792	8517	7189	7316	57559	7128	7323	7874	9146	10075	23586	4287	1147	8737	4792	4792
6207	6218	6222	6223	6224	6227	6228	6229	6231	6232	6235	9349	1915	2197	10399
1915	1937	3921	1937
6207	6218	6222	6223	6224	6228	6229	6231	6232	6233	6235	9349	1915	2197	10399
5901	7514	9972	11260	1104	9972	23279	81929	55746	55746
9804	56993	9868	54543	9868
472	5932	7520
6390	6389	8802	8803	7385
6217	6227	6228	6229	6230	11224	10399
64318	55759
9533	221830	10621
4707	4725
64682	79003	79980	8881	890	1062	51592	5347
9330	2976	2975
117246	4839
8050	5160	5162	5160	5165	5160	5162
3667	867	1398
56902	705
6128	6134	6143	6144	6155	6156	6159	6161	6176	6181	6191	6217	6227	6228	6229	6230
661	5435	2962	2961	6917	64425	6829	9646	1025	23168	6749	9646	9646
10621	55703	55718	9533	64425	10849	10621	55703	55718	55703	55703
1108	3065	3066
5515	5520	5529
5692	5701	5711	5719	51377	5685	5692	5701	5714	5719	5714	5719
3309	7184
6881	6883	6875	27097	51616	27097
4839	10412	51154	51187	51187	57062	51388
4087	9372	4089
1394	1395
7311	6233	9349
6143	6144	6155	6156	6161	6176	6181	6191	6217	6227	6229	6230	6235	11224	10399
6726	6731
1977	8569
6207	6218	6223	6224	6227	6228	6229	6231	6232	6233	6235	9349	1915	2197	10399
80306	9412	1025	23091
4089	8563
6256	8648	2033	8850	2309	23411	4205	8648
9521	2058
5687	5690	5719	7316
5693	5694	5695	5700	5702	5705	5706	5707	5708	5709	5710	5713	5714	5718	10213	11047
80306	9282	9412	9969	23091
8678	7405	9821	2475	6198	3667	64798	79109	28956	3667
80306	9412	9439	23091
7415	11124	79139	6400	51035	55666
23279	81929	55746	55746	3837	5901	7514	9972	11260	1104
701	64682	79003	79980	8881	1062	51592	5347
79228	8563	9984
6749	9646	6829	9646	1025	5435	2962	2961	6917	51728	661	64425	9646
10632	10476	498	506	513	515	521	539	498	506	509	515	521	539
5694	5695	5700	5702	5705	5706	5707	5708	5709	5710	5713	5714	5717	5718	10213	11047
6144	6155	6156	6161	6176	6181	6191	6217	6227	6228	6229	6230	6235	11224	10399
56851	10328
9533	661	5435	5431	5438	5439	5438	5439	55718	55718	25885	5435	25885
5685	5687	5692	5719
56993	9804	9868	54543	9868
8517	7189	8737	8915	9020	55072
81608	51585
10476	10632	498	506	509	513	515	521	539	498	506	515	521	539
65080	79590
988	23451	3185	3192	10492
9128	23451
7132	4049
1653	51637	51637
6231	6232	9349	2197	10399	6233	6235	9349
1327	1329	1340	1345
926	3105
1024	9439	9862	1024	23091	29079
930	973	974
5698	5696	5699	5719	5719
4089	9392
2023	5230
6603	6605	9031
11186	55233
5929	30827	9739
2475	64798	79109	8408	8678	7405	9821	28956	3667	3667
80306	9412	9439	1025
6207	6218	6222	6223	6227	6228	6229	6231	6232	6233	6235	9349	1915	2197	10399
6218	6222	6223	6224	6227	6228	6229	6231	6232	6233	6235	9349	1915	2197	10399
1915	1933	1937	1937
10236	3187	220988
64682	51433
6156	6167	6176	6181	6191	6217	6227	6228	6230	6235	11224
3122	3123
8772	8717	8737	329	7323
2071	2073	5430
6228	6227	6229	6231	6235	7311	9349	10399	6229	6231	6232	6233	6235	1915	2197
11224	23521	25873	3921	4736	51121
11222	28998	29088	10884
6156	6161	6167	6176	6181	6191	6217	6227	6228	6229	6230	6235	11224
6155	6156	6161	6167	6176	6181	6191	6217	6227	6229	6230	6235	11224
6198	2475	64798	79109	8408	8678	7405	9821	28956	3667
57187	8563	9984
6595	6599	6603	6605
521	515	539	539
10274	8243	23047	10274
10476	10632	498	506	509	513	515	521	539	498	506	513	521	539
27316	3187	220988
65005	10573
5201	5202	5201
6144	6156	6159	6161	6176	6181	6191	6217	6227	6228	6229	6230	11224	10399
6875	6881	6314	27097	51616	27097
6118	5000
5688	5693	5694	5695	5702	5705	5706	5707	5708	5709	5710	5713	5714	5717	5718	10213	11047
1108	3065	3066	53615
6128	6134	6143	6144	6155	6156	6159	6161	6176	6181	6191	6217	6227	6229	6230	11224
65080	65005	11222	122704	51073	64981	79590	122704	51073	122704	64981	79590
2962	2961	5435	51728	661	64425	6829	9646	1025	23168	6749	9646	9646
5917	9521	2058
6829	9646	23168	6749	9646	9646	5435	2962	2961	6917	51728	661	64425
5686	5687	5694	5695	5714	10197	10213	5695	5714	10197	10213	51371
70	7139	88	4624
6134	6143	6144	6156	6159	6161	6176	6181	6191	6217	6227	6228	6229	6230	6235	11224	10399
7415	51009
3667	5291
7341	6996
64135	3661
10632	10476	498	506	513	515	521	539	498	506	509	513	515	539
80097	29922
10884	28998	79590	29074	10884	29074	29088	29074	29088
5704	5711
7381	7386	9377	27089	29796
9636	7318	9246	23586	3661	4599
1973	1982
5431	5438	5439	661	9533	221830	25885	25885	5435	55718	5438	5439	55718
4698	4707
6128	6134	6143	6144	6155	6156	6159	6161	6176	6181	6191	6217	6227	6228	6230	11224
